time,x,y,z,phi,theta,psi,x_velocity,y_velocity,z_velocity,phi_velocity,theta_velocity,psi_velocity,rotor_speed1,rotor_speed2,rotor_speed3,rotor_speed4
0.06,1.49629074078e-08,-5.76270432743e-08,10.0026988671,6.28286234275,6.28316474329,0.0,1.52332348944e-06,-1.50558587503e-05,0.0899586760749,-0.0192303784978,-0.00103722023461,0.0,434.023695048023,433.9366584784012,434.23170156448833,432.61587260376893
0.12000000000000001,5.14271985554e-07,-1.22568408293e-05,10.012627967,6.28218063139,0.000187229082055,0.0,5.77566558075e-06,-0.000488408311341,0.240990712573,0.000973355132857,0.0112138770655,0.0,452.8510394799235,453.8352064294572,451.48288783103817,453.10984328834917
0.18,-7.54390860261e-06,-6.80250790316e-05,10.035968098,6.28193236336,0.000972801803385,0.0,-0.000370214783886,-0.0013793210633,0.536921669505,-0.0170754153165,0.0166083241735,0.0,495.37226743202484,495.7685829753247,495.64867386466113,494.320726894878
0.23999999999999996,-5.71054258256e-05,-0.000184939461955,10.074138382,6.28076637833,0.00199294988918,0.0,-0.00139927063589,-0.00264479534529,0.735313858955,-0.0246227036512,0.0177792862405,0.0,467.4311145851806,467.52224907646377,467.6294860873995,467.0413491008287
0.3,-0.000191466691278,-0.000405166446811,10.1234180644,6.27908639739,0.00340351613892,0.0,-0.00322088837451,-0.00487244077093,0.907220401142,-0.0357920858782,0.0330303423029,0.0,460.17259058178513,461.37813923233335,459.11507620878956,458.22794715813654
0.36000000000000004,-0.000468487004383,-0.000795047468943,10.1820463392,6.27748645632,0.00627865873069,0.0,-0.00628546045194,-0.00832045562986,1.04693545635,-0.0128148917927,0.0676828029057,0.0,448.4557042512044,451.26249646392756,449.56024394703644,451.41771558685826
0.4200000000000001,-0.000993524482286,-0.00141690017841,10.248228934,6.27690407048,0.00990027797572,0.0,-0.0116209840886,-0.0124768003263,1.15904021107,-0.00411956086852,0.0387455076981,0.0,442.8558996218193,440.4719670084315,441.6691938900695,442.38579549021387
0.48000000000000015,-0.00191633776746,-0.00230342578685,10.3219548917,6.27691035826,0.0119818893834,0.0,-0.0193771638539,-0.0170848981683,1.29834093752,0.00744047465145,0.025022041092,0.0,452.1128898532732,451.00643318354673,449.0872111904125,450.0238042645862
0.5400000000000001,-0.00338755064699,-0.0034836477336,10.407337631,6.2777532304,0.0137555169502,0.0,-0.0298642710107,-0.0221708949016,1.547444945,0.0247621085905,0.0373661571895,0.0,482.8458035499694,483.776258885042,483.1514438847539,484.45538586708363
0.6000000000000002,-0.00547166075617,-0.00491869479717,10.5031372872,6.28024480323,0.016164236224,0.0,-0.0398412516778,-0.0254486625568,1.64573777424,0.0629167698209,0.0451919134799,0.0,438.0875861974001,438.73860373832775,437.4978602189543,440.6637647774539
0.6600000000000003,-0.00824324694623,-0.00649697651351,10.607083948,0.000560831790915,0.0189538624814,0.0,-0.0528510930436,-0.0267474407656,1.81888684085,0.0471717721002,0.0489772730699,0.0,462.00479501974723,462.30432146749905,462.79251705006976,461.55383226275575
0.7200000000000003,-0.0118639701952,-0.00807694660005,10.7216154392,0.0031307728652,0.0214827060408,0.0,-0.0681514789079,-0.025609326416,1.99852589694,0.0323175587855,0.0227677364755,0.0,464.76488683137217,462.70706853590997,466.1902834152298,465.02914807608386
0.7800000000000004,-0.0163561324438,-0.00954804807297,10.8423987083,0.00576217139699,0.0230909191682,0.0,-0.0817232467038,-0.0232125417071,2.02752765635,0.0603711490376,0.0338505274958,0.0,417.993908333659,418.95878396106383,415.930652988954,418.3813453703951
0.8400000000000004,-0.0217001119135,-0.010819320224,10.9651643987,0.0100301405473,0.0249227882585,0.0,-0.0965879235123,-0.0187926786412,2.06458825151,0.0868181515799,0.0228931888602,0.0,420.8205301991403,419.87138356078714,419.7492541666061,422.0420094113862
0.9000000000000005,-0.0279394782792,-0.0117532246401,11.0890072872,0.0150640017308,0.0264429814889,0.0,-0.111517515837,-0.0118911353826,2.06350096375,0.0773070979066,0.0298225185874,0.0,407.4935609359149,408.11266819229786,408.558560774139,407.7161260928646
0.9600000000000005,-0.0352294861563,-0.012110953535,11.2174931195,0.0198753227296,0.0287127366586,0.0,-0.131702799329,0.000483393178564,2.21905528752,0.085402398192,0.0503336578213,0.0,458.12149356812813,459.75002489411645,457.44115658073264,458.0902544173393
1.0200000000000005,-0.0436923503753,-0.01168377068,11.3521041954,0.0247207576308,0.0320896882653,0.0,-0.150694125094,0.0142265124106,2.2678639729,0.0693176462565,0.0661035780848,0.0,424.9933443340671,426.3450716241484,425.7471722239411,424.37428532134254
1.0800000000000005,-0.0534054540986,-0.0103092258923,11.4909552343,0.028810775987,0.0358791923977,0.0,-0.173462174414,0.0320027000044,2.36029099139,0.0657614612016,0.0565029508868,0.0,440.78464967493085,439.9934766458836,439.1161629270797,438.8246330466065
1.1400000000000006,-0.0645818055525,-0.00776826249652,11.635921544,0.0328732092964,0.0398285252422,0.0,-0.199459958283,0.0531040608013,2.47165461598,0.0713377241689,0.0798938119489,0.0,445.4718938509575,447.3834912773953,445.5458353853095,446.0049076012163
1.2000000000000006,-0.0774704169884,-0.00382164762632,11.7891438593,0.0370295888049,0.0441602986827,0.0,-0.230663533642,0.0789070290394,2.63535008312,0.0647883510912,0.0487065885776,0.0,464.24788859817914,461.79794153891964,462.7048598931325,462.19240951966754
1.2600000000000007,-0.0922918387218,0.00174057568687,11.9515256624,0.0409307277523,0.0468957936972,0.0,-0.263676619872,0.106908225442,2.77700683892,0.0654760815908,0.0384946480374,0.0,457.52007457745424,456.7074487385502,456.63353104866724,456.69137839136874
1.3200000000000007,-0.109054841779,0.00898331949477,12.1203552514,0.0450222819046,0.0491117471987,0.0,-0.295304719006,0.13490197229,2.8504311758,0.0731341929768,0.0336103479294,0.0,436.40476770447333,435.9975421020864,436.1595688063074,436.8022606436732
1.3800000000000008,-0.127913181575,0.0181312614098,12.2966996234,0.049393140177,0.0508377209704,0.0,-0.333500281563,0.170504010638,3.0272196234,0.072268603501,0.0166954310105,0.0,468.99508808258173,467.67965414879535,469.1249404260817,469.061532639834
1.4400000000000008,-0.149064506567,0.0294813137077,12.482965256,0.0537523304508,0.0520153095917,0.0,-0.371644617776,0.208287139557,3.18117716378,0.0734110106105,0.0249239118273,0.0,463.22382703371846,463.87039526054014,462.1669314592785,462.26082879635555
1.5000000000000009,-0.172437989565,0.0430973091196,12.6766469968,0.0587624945987,0.0530853727558,0.0,-0.407595479546,0.246044322347,3.27457122607,0.0984506890783,-0.00270519589431,0.0,446.10006988353337,443.8381625628489,444.3793764063917,446.43270273996916
1.560000000000001,-0.198132705827,0.059253074707,12.8787072695,0.064928449433,0.0530050449843,0.0,-0.448854601613,0.29314055184,3.46017034839,0.110233082851,0.00126300672695,0.0,474.03784826358816,474.34271606243055,473.1965121437429,474.1110623260705
1.620000000000001,-0.226182024145,0.0782301395542,13.0896199494,0.0717680415928,0.053356675508,0.0,-0.486130661769,0.340100733059,3.56985000432,0.120609779875,0.0137553972811,0.0,452.04249235034126,453.04800033581716,451.44882358743143,452.29663819033533
1.680000000000001,-0.256447705238,0.100128342464,13.3065271385,0.0792949524128,0.0542101849691,0.0,-0.522797015371,0.390559438111,3.66002375055,0.133691072849,0.0151484754947,0.0,446.96839807549225,447.08180942050944,446.4201308989863,447.50040888716075
1.740000000000001,-0.289051736481,0.125388642837,13.5310290798,0.0879697814559,0.054826289571,0.0,-0.564065201478,0.452339397096,3.82273405328,0.160395611637,-0.0019194965612,0.0,470.80102987321857,469.47842511601095,468.7539875069969,470.8424790215754
1.8000000000000012,-0.323958082895,0.154255798102,13.7619298707,0.0975433758499,0.0546064666333,0.0,-0.599457745943,0.510789646828,3.87367656718,0.157836178863,-0.00740293653567,0.0,437.32257693637797,436.86563206295904,436.39690205954065,436.20789090308165
1.8600000000000012,-0.361040228713,0.186915574685,13.996899934,0.107023956658,0.0542774242967,0.0,-0.636562838807,0.578780821667,3.95824118849,0.158353994224,-0.0018985657136,0.0,447.7127766978771,448.16052445644226,448.03207986452287,448.097630715953
1.9200000000000013,-0.400341058414,0.223839476805,14.2368612187,0.116705925688,0.0544249880945,0.0,-0.673455223352,0.652931228066,4.04003506551,0.166789870653,0.00999673619887,0.0,447.6562332136114,448.6231742452835,447.56712536400676,448.27770318590854
1.9800000000000013,-0.441709649731,0.265077322461,14.4789274648,0.126361086205,0.0555558435301,0.0,-0.705580932909,0.722504504676,4.02872973446,0.145376080155,0.032375067597,0.0,417.8954712916697,419.84177654778665,419.48316200315554,417.64535039869537
2.0400000000000014,-0.485130985931,0.310881724461,14.7220795446,0.135145304513,0.0573099345543,0.0,-0.741965544011,0.805099717529,4.07599896128,0.148381074083,0.0220707230396,0.0,439.4974828940493,438.64278545240484,437.32355004246466,437.5942335994617
2.1000000000000014,-0.531031674496,0.362432350508,14.9725733736,0.143888232608,0.0587649083271,0.0,-0.788180372542,0.914165761386,4.27284980097,0.139773750731,0.0282849568928,0.0,484.2733109368988,484.7405726304229,485.40328621238996,484.7747593049629
2.1600000000000015,-0.57946751334,0.420054805968,15.2302395768,0.152352982765,0.0608327641044,0.0,-0.82651913679,1.00732863773,4.31566110979,0.143567143982,0.044601919062,0.0,438.76471786509586,440.117921526324,439.5466564240343,439.87968323420876
2.2200000000000015,-0.630167374673,0.483226664531,15.4891595834,0.161132218394,0.063384495957,0.0,-0.863707491829,1.09913589126,4.31479607725,0.151320294866,0.0380233702036,0.0,426.72778480962637,426.1668504245834,425.3846181474497,426.0691149687457
2.2800000000000016,-0.683228878639,0.552275517472,15.7493064612,0.170065257147,0.0659650773521,0.0,-0.905230312868,1.20328012531,4.35635863161,0.143509348523,0.0514724495636,0.0,440.06092040551255,441.1739241367568,440.6533009281738,440.0280710497016
2.3400000000000016,-0.7389980664,0.628153139933,16.0143090146,0.179090884968,0.0698769356606,0.0,-0.954090144881,1.32678399409,4.47628544164,0.161538936254,0.0838839131999,0.0,464.8932628892131,467.4288898253971,465.05851483723495,466.4886083817568
2.4000000000000017,-0.797662577783,0.711308499576,16.2846878565,0.189277624878,0.0745678852778,0.0,-1.00184906948,1.44593197686,4.53576209453,0.182557770488,0.0632344879128,0.0,449.6790290302377,448.0076519715681,447.8932043458992,449.6264846930742
2.4600000000000017,-0.859225353035,0.801668097954,16.5578539533,0.19987238574,0.0783798878334,0.0,-1.05058525591,1.56697702874,4.5692735803,0.160641168209,0.0641242735642,0.0,441.4122213457669,441.48861990367766,442.9332791145065,441.15679192826843
2.520000000000002,-0.924094164152,0.900254023465,16.8367772474,0.209141909076,0.0816301565295,0.0,-1.11207744056,1.72007333569,4.7270873423,0.137905392124,0.00839537447165,0.0,483.64372398342647,479.4288017529267,482.10656839751596,480.4056570287952
2.580000000000002,-0.992440224355,1.00752569461,17.1218625204,0.217647811638,0.0820683030723,0.0,-1.16615148792,1.85633693488,4.77521119351,0.148534574082,0.00502166171397,0.0,450.5627009648488,450.2897121452121,448.6030513028661,449.4838288939115
2.640000000000002,-1.06403810777,1.12312436412,17.4097624049,0.226561806029,0.0823369436843,0.0,-1.22045363788,1.99767699854,4.82088374259,0.148630416413,0.00336579793925,0.0,449.4796469035675,449.34532960211766,450.8654349907391,450.8935522241088
2.700000000000002,-1.13908093857,1.24785811166,17.7024771258,0.235629050072,0.0821630233129,0.0,-1.28093424351,2.16085255922,4.9353375889,0.155681217079,-0.0199641435617,0.0,473.70537086670305,471.90774746112976,472.6471516099763,473.21025981480483
2.760000000000002,-1.217591646,1.38212576296,18.0001833598,0.244728578853,0.080733600878,0.0,-1.33594243018,2.3154701207,4.98755162142,0.142084851777,-0.0329462453064,0.0,456.4292123602499,455.39171611431516,455.497740730564,454.4299119198246
2.820000000000002,-1.29951158833,1.52624729812,18.3026203127,0.252817400762,0.0787444564146,0.0,-1.39447255511,2.48922090794,5.0927579952,0.113467431252,-0.0335678711287,0.0,473.6356725058409,473.58749984012553,474.15469393551473,471.96579744884707
2.880000000000002,-1.38449431482,1.6796329784,18.6062714994,0.259497542775,0.0770847051917,0.0,-1.43816769561,2.62413539565,5.02892231551,0.106693977987,-0.0178993637736,0.0,419.85674120004074,421.2139350780152,420.4034729012598,419.82779298186813
2.940000000000002,-1.47218307876,1.84155431893,18.9073708541,0.265672210869,0.0767099269269,0.0,-1.48474269684,2.77367923162,5.00746408188,0.0940121536435,0.0103907206184,0.0,433.7478040062957,436.1176760554526,435.2443753054724,434.1908919699773
3.000000000000002,-1.56273342897,2.01276207734,19.2079759901,0.271179116979,0.0770090878722,0.0,-1.53364243023,2.93359227601,5.01230659708,0.0869032941526,-0.00893714854014,0.0,444.7015740928355,443.1152016258872,444.63827948223377,444.0624711297599
3.0600000000000023,-1.65635571506,2.1941087648,19.5105024049,0.276410793009,0.0766680650802,0.0,-1.58703349126,3.11156785705,5.07123038853,0.0877705520723,0.00013722055958,0.0,461.133398886572,461.84988406923924,463.2678852177754,463.3420372951995
3.1200000000000023,-1.75286936861,2.38511033694,19.8126419141,0.28143762399,0.0768621333107,0.0,-1.63012372627,3.25548846168,5.00008029068,0.0742924833598,0.0088034716659,0.0,420.0388866578227,420.78988174812457,421.8208552825777,420.66117574730373
3.1800000000000024,-1.85210221841,2.58525761274,20.11205511,0.285645262826,0.0773226729488,0.0,-1.67768660329,3.41630648627,4.9800941189,0.0601306367333,0.00531878896989,0.0,438.03611670174183,437.74606591972423,439.2518078604253,438.0793368495129
3.2400000000000024,-1.9540664711,2.79461403709,20.408592518,0.288971594057,0.0779567526374,0.0,-1.72118986631,3.56242997003,4.90453657627,0.0438510621219,0.0194114030772,0.0,419.33743352716596,420.560006111541,420.4723246245538,419.0615127675777
3.3000000000000025,-2.05883514255,3.0134110674,20.702760225,0.291809227913,0.0792873606381,0.0,-1.77120952677,3.73084150181,4.90073751433,0.0534152179439,0.0272013665791,0.0,443.59011686238415,444.2294995237058,443.9283199799611,444.71390360020547
3.3600000000000025,-2.16663665635,3.24234678138,20.9967138669,0.294970168243,0.0808766303994,0.0,-1.82231493218,3.90041069708,4.89737050025,0.0511753324891,0.0250213576093,0.0,445.111630704338,444.93330069418835,445.04038733562595,444.8587817995078
3.4200000000000026,-2.27793858605,3.48292254708,21.2951745823,0.298125213616,0.0824936294721,0.0,-1.88785271917,4.11864364783,5.05011670377,0.0552614674788,0.0305518438099,0.0,493.78128889113646,494.1892634405045,495.0877373983131,495.38982518740494
3.4800000000000026,-2.39302051546,3.73594340906,21.6005358567,0.300924158893,0.0839503015091,0.0,-1.94834017752,4.3153187499,5.12776336268,0.0176309382275,0.00717920261151,0.0,475.36928260444853,473.5745796235491,475.46786484780677,472.5765239137554
3.5400000000000027,-2.51167508425,4.00047757748,21.9095698328,0.302031151559,0.0843846290931,0.0,-2.00683155413,4.50225043932,5.17281873284,0.0200393143888,0.00735771237425,0.0,464.78240708217675,464.79628561667477,466.385101784545,466.5731316369403
3.6000000000000028,-2.6334011054,4.27462599189,22.2162116438,0.302871859719,0.0845904019021,0.0,-2.05078870891,4.6360499327,5.04898083694,-0.00214353244391,-0.00588979707485,0.0,411.2529374128548,410.0775003899406,410.1684621533336,408.19307154686425
3.660000000000003,-2.75804613804,4.55774146033,22.5185252484,0.302673620307,0.0841883598946,0.0,-2.10402992247,4.80087761431,5.02802970172,-0.00573239322112,-0.00837399070001,0.0,445.08837348493785,444.8850774760737,444.12084288179034,443.82638434317624
3.720000000000003,-2.88580975182,4.85043902107,22.8187446868,0.302836529062,0.0837961905932,0.0,-2.15475268809,4.95550368439,4.97933154667,0.0157612714019,-0.00309278849734,0.0,435.2869479516287,435.7288881035101,434.4003033287771,436.19935056171016
3.780000000000003,-3.01668093784,5.1526042404,23.1167680161,0.303612135153,0.0831350523945,0.0,-2.20761097574,5.11649455758,4.95465375822,0.00655096223818,-0.0357678235605,0.0,444.99218338745226,442.30873902950236,443.57258316658164,442.81528419417066
3.840000000000003,-3.15084625485,5.46488019761,23.4148534402,0.303884496002,0.0809253665646,0.0,-2.26436652179,5.2923962015,4.98116902657,0.000177348303215,-0.0390372135659,0.0,459.84356587101126,459.5838719241235,461.2565845434358,460.7527762032993
3.900000000000003,-3.28844153064,5.78788646494,23.7152293073,0.303808349355,0.0792900729915,0.0,-2.32195039937,5.47408570858,5.03088293905,-0.0043317191959,-0.0104863303501,0.0,467.683169821394,469.9018781660055,468.3234506580671,467.97254930560877
3.960000000000003,-3.429142648,6.12050129162,24.0146299936,0.303547716255,0.078777811189,0.0,-2.36809668413,5.61288652135,4.94940728984,-0.00436822901467,-0.00490039436849,0.0,426.39715204190145,426.8743270595833,425.81540836857755,425.81236452641866
4.020000000000002,-3.57319047621,6.46358085628,24.3161431222,0.303072765317,0.0784157698629,0.0,-2.43340316365,5.82246130482,5.09995963461,-0.0161724867725,-0.00840366651274,0.0,500.4572896459938,500.2022868150985,499.4242461679382,498.5624742281311
4.080000000000001,-3.72053596589,6.81681683106,24.6191699809,0.302165513725,0.0784212616605,0.0,-2.47816230434,5.95185226264,5.00134603617,-0.0130965399104,0.0131951837495,0.0,420.9644579102858,422.82984609935016,422.1361942271483,422.4017024574262
4.14,-3.87097433803,7.17925059931,24.9211075625,0.301140013687,0.0788387331091,0.0,-2.5364979133,6.12873213171,5.06269776764,-0.0266012048599,-0.0100016298858,0.0,473.9862284348324,472.1996737628588,475.2635095349677,474.22715447077
4.199999999999998,-4.02495928789,7.55235423403,25.2271759155,0.299572914157,0.078212945542,0.0,-2.59625754283,6.30741554859,5.1390078104,-0.0251697685845,-0.0113001769127,0.0,480.00199617657773,479.90355218363726,479.1855629485693,479.29430894218325
4.259999999999997,-4.18206449243,7.93435605356,25.5322178933,0.298116545752,0.0772742637895,0.0,-2.64060628905,6.42573458928,5.02959997895,-0.0225368698377,-0.0261777157075,0.0,420.22951513697757,418.9375754956613,420.1398473190163,420.36801344570296
4.319999999999996,-4.34178283973,8.32322356743,25.830202386,0.29718716398,0.0760981685077,0.0,-2.68333658982,6.53633158682,4.90385076705,-0.00419849536131,-0.00892954515949,0.0,411.91847392089807,413.4413605486702,412.226069002754,413.8438997466617
4.379999999999995,-4.50433303796,8.71971039581,26.1240834352,0.297207651255,0.0755822957426,0.0,-2.73498843961,6.67956707494,4.8920806835,0.00815106386893,-0.00794265173275,0.0,449.680567845876,449.7606465214385,450.6170225337826,451.6144790607469
4.439999999999993,-4.66993942352,9.12457311045,26.4167264943,0.297525372139,0.074719631128,0.0,-2.78521203686,6.81560216005,4.86266848164,-0.00113497997607,-0.0321172620185,0.0,446.9224713982489,444.9472745862581,444.1790751545809,443.4165978457489
4.499999999999992,-4.83884421203,9.53870497887,26.7113934778,0.297042890649,0.0729288855618,0.0,-2.84474741893,6.98825328073,4.9588523582,-0.0277631545501,-0.0256518197133,0.0,484.5584083129997,485.0441123430029,485.55512526415623,483.5529571889561
4.559999999999991,-5.01098018367,9.96185464499,27.0077055445,0.295201096392,0.0712534618009,0.0,-2.89304646672,7.11631861726,4.91840989614,-0.0373239992689,-0.0329052321166,0.0,443.1241869493844,442.5271474200744,442.8951510597118,442.1075507060703
4.6199999999999894,-5.18587700542,10.3921061004,27.3000053432,0.292803408357,0.0697387927892,0.0,-2.93680831404,7.22504748762,4.8254647511,-0.0458391252567,-0.0131703905169,0.0,422.72743925113207,424.42487824219603,425.47332583442085,424.7425557333045
4.679999999999988,-5.36362094525,10.829732678,27.5899156281,0.289954348672,0.0685207991363,0.0,-2.98794301744,7.36187860516,4.83815108471,-0.0509951492851,-0.0410206263545,0.0,459.72395236816857,457.51125662947504,458.2521007801247,457.84066431823646
4.739999999999987,-5.54465000281,11.2764300549,27.8838986589,0.287212182341,0.0661327278787,0.0,-3.04610315548,7.52716603738,4.96061215464,-0.0368001081475,-0.0374680805811,0.0,491.09567622602316,491.35853216793817,492.9384748670322,493.98552696149466
4.799999999999986,-5.7287487979,11.7312837114,28.1796927704,0.284904113024,0.0633045754209,0.0,-3.09042179355,7.63422115574,4.89959233165,-0.0420303422904,-0.0864633171384,0.0,437.1046334679056,432.9989246407965,436.6242029089898,436.1867540370419
4.859999999999984,-5.91548580865,12.1925465624,28.4721443085,0.282082443699,0.0576768345319,0.0,-3.13381952839,7.74077204605,4.84922307353,-0.0595877543428,-0.115445317081,0.0,438.81719064066846,436.39592297110437,439.75082653941,438.2921894121829
4.919999999999983,-6.10468424571,12.6597747007,28.7605122428,0.278465999365,0.0513908911974,0.0,-3.17243134664,7.83307512521,4.76376657719,-0.0616826593764,-0.0891733618493,0.0,424.21248128467977,426.4525444440533,425.41929813654093,425.23707998076316
4.979999999999982,-6.29649071945,13.1344022849,29.0507282297,0.275257625884,0.0462138755684,0.0,-3.22057798765,7.98691669258,4.90943493212,-0.0407204937824,-0.0810566747725,0.0,497.1987585316742,497.7878960367392,496.04803696577176,497.5836455558968
5.0399999999999805,-6.49089063537,13.6169428199,29.3455005585,0.273024020697,0.041930831374,0.0,-3.25909356054,8.09725312713,4.91639217071,-0.0310242734806,-0.0569075914562,0.0,454.66511773980136,456.5922700277655,456.08416770769685,456.8575083725824
